0.005, -0.01, 0.1
0.009, -0.02, 0.199
0.013, -0.03, 0.299
0.017, -0.041, 0.398
0.021, -0.051, 0.497
0.025, -0.061, 0.597
0.029, -0.072, 0.696
0.033, -0.082, 0.796
0.037, -0.092, 0.895
0.041, -0.103, 0.994
0.046, -0.113, 1.094
0.05, -0.123, 1.193
0.054, -0.133, 1.293
0.058, -0.144, 1.392
0.062, -0.154, 1.491
0.066, -0.164, 1.591
0.07, -0.175, 1.69
-0.017, 0.009, 0.099
-0.034, 0.017, 0.197
-0.051, 0.026, 0.295
-0.068, 0.034, 0.393
-0.085, 0.043, 0.491
-0.102, 0.052, 0.59
-0.119, 0.06, 0.688
-0.136, 0.068, 0.786
-0.153, 0.077, 0.884
-0.171, 0.085, 0.982
-0.188, 0.094, 1.081
-0.205, 0.103, 1.179
-0.222, 0.111, 1.277
-0.239, 0.12, 1.375
-0.256, 0.128, 1.473
-0.273, 0.136, 1.572
-0.29, 0.145, 1.67
0.024, 0.007, 0.097
0.048, 0.014, 0.194
0.072, 0.021, 0.292
0.095, 0.028, 0.388
0.119, 0.035, 0.485
0.143, 0.042, 0.583
0.166, 0.049, 0.679
0.19, 0.056, 0.776
0.214, 0.063, 0.873
0.237, 0.069, 0.97
0.261, 0.076, 1.067
0.285, 0.083, 1.165
0.309, 0.09, 1.261
0.332, 0.097, 1.358
0.356, 0.104, 1.455
0.38, 0.111, 1.552
0.403, 0.118, 1.649
-0.015, -0.024, 0.096
-0.03, -0.049, 0.192
-0.045, -0.074, 0.288
-0.06, -0.099, 0.383
-0.075, -0.124, 0.479
-0.09, -0.148, 0.575
-0.105, -0.173, 0.67
-0.12, -0.198, 0.766
-0.135, -0.223, 0.862
-0.15, -0.248, 0.957
-0.165, -0.272, 1.053
-0.18, -0.297, 1.149
-0.195, -0.322, 1.245
-0.21, -0.347, 1.34
-0.224, -0.372, 1.436
-0.24, -0.396, 1.532
-0.255, -0.421, 1.627
-0.006, 0.033, 0.095
-0.012, 0.065, 0.189
-0.018, 0.097, 0.284
-0.025, 0.13, 0.378
-0.031, 0.162, 0.473
-0.037, 0.194, 0.568
-0.044, 0.227, 0.662
-0.05, 0.259, 0.756
-0.056, 0.291, 0.851
-0.063, 0.323, 0.945
-0.069, 0.356, 1.04
-0.075, 0.388, 1.135
-0.081, 0.42, 1.229
-0.088, 0.453, 1.323
-0.094, 0.485, 1.418
-0.1, 0.517, 1.512
-0.107, 0.55, 1.607
0.03, -0.021, 0.094
0.059, -0.042, 0.187
0.088, -0.064, 0.28
0.117, -0.085, 0.374
0.146, -0.107, 0.467
0.176, -0.128, 0.56
0.205, -0.149, 0.654
0.234, -0.171, 0.747
0.263, -0.192, 0.84
0.292, -0.214, 0.933
0.322, -0.235, 1.027
0.351, -0.256, 1.12
0.38, -0.278, 1.213
0.409, -0.299, 1.307
0.438, -0.321, 1.4
0.468, -0.342, 1.493
0.497, -0.363, 1.587
-0.039, -0.004, 0.093
-0.078, -0.008, 0.185
-0.117, -0.012, 0.277
-0.156, -0.016, 0.369
-0.195, -0.021, 0.46
-0.234, -0.025, 0.553
-0.273, -0.029, 0.645
-0.312, -0.033, 0.737
-0.351, -0.037, 0.829
-0.39, -0.042, 0.92
-0.429, -0.046, 1.013
-0.468, -0.05, 1.105
-0.507, -0.054, 1.197
-0.546, -0.058, 1.289
-0.585, -0.063, 1.381
-0.624, -0.067, 1.473
-0.663, -0.071, 1.565
0.028, 0.032, 0.091
0.056, 0.064, 0.182
0.084, 0.095, 0.273
0.112, 0.127, 0.364
0.139, 0.158, 0.454
0.167, 0.19, 0.545
0.195, 0.222, 0.636
0.223, 0.253, 0.727
0.251, 0.285, 0.818
0.278, 0.316, 0.908
0.306, 0.348, 0.999
0.334, 0.38, 1.09
0.362, 0.411, 1.181
0.39, 0.443, 1.272
0.418, 0.474, 1.362
0.445, 0.506, 1.453
0.473, 0.538, 1.544
0.001, -0.044, 0.09
0.002, -0.089, 0.18
0.004, -0.133, 0.269
0.004, -0.178, 0.359
0.005, -0.222, 0.448
0.007, -0.267, 0.538
0.008, -0.311, 0.628
0.008, -0.356, 0.717
0.01, -0.4, 0.807
0.01, -0.445, 0.896
0.012, -0.489, 0.986
0.013, -0.534, 1.076
0.014, -0.578, 1.165
0.015, -0.623, 1.255
0.015, -0.667, 1.344
0.016, -0.712, 1.434
0.017, -0.756, 1.524
-0.032, 0.034, 0.089
-0.064, 0.068, 0.177
-0.097, 0.103, 0.265
-0.129, 0.136, 0.354
-0.162, 0.17, 0.442
-0.194, 0.205, 0.53
-0.226, 0.239, 0.619
-0.259, 0.272, 0.707
-0.291, 0.307, 0.795
-0.324, 0.34, 0.883
-0.356, 0.375, 0.972
-0.388, 0.409, 1.06
-0.421, 0.443, 1.148
-0.453, 0.477, 1.237
-0.486, 0.51, 1.325
-0.518, 0.544, 1.413
-0.55, 0.579, 1.502
0.05, -0.003, 0.088
0.099, -0.006, 0.175
0.148, -0.009, 0.262
0.197, -0.012, 0.349
0.246, -0.016, 0.436
0.296, -0.019, 0.523
0.345, -0.022, 0.61
0.394, -0.025, 0.697
0.443, -0.028, 0.784
0.492, -0.032, 0.871
0.542, -0.035, 0.959
0.591, -0.038, 1.046
0.64, -0.041, 1.133
0.689, -0.044, 1.22
0.738, -0.048, 1.307
0.788, -0.051, 1.394
0.837, -0.054, 1.481
-0.04, -0.032, 0.086
-0.08, -0.064, 0.172
-0.12, -0.096, 0.258
-0.16, -0.128, 0.344
-0.2, -0.16, 0.43
-0.24, -0.192, 0.516
-0.28, -0.224, 0.602
-0.32, -0.256, 0.688
-0.36, -0.288, 0.774
-0.401, -0.32, 0.859
-0.441, -0.352, 0.945
-0.481, -0.384, 1.031
-0.521, -0.416, 1.117
-0.561, -0.448, 1.203
-0.601, -0.48, 1.289
-0.641, -0.512, 1.375
-0.681, -0.544, 1.461
0.009, 0.053, 0.085
0.017, 0.106, 0.17
0.025, 0.159, 0.254
0.034, 0.212, 0.339
0.042, 0.264, 0.423
0.05, 0.317, 0.508
0.059, 0.37, 0.593
0.067, 0.423, 0.677
0.075, 0.476, 0.762
0.083, 0.528, 0.846
0.092, 0.581, 0.931
0.1, 0.634, 1.016
0.108, 0.687, 1.1
0.117, 0.74, 1.185
0.125, 0.792, 1.269
0.133, 0.845, 1.354
0.142, 0.898, 1.439
0.031, -0.046, 0.084
0.062, -0.092, 0.167
0.093, -0.138, 0.251
0.123, -0.184, 0.334
0.154, -0.23, 0.417
0.185, -0.276, 0.501
0.215, -0.322, 0.584
0.246, -0.368, 0.668
0.277, -0.414, 0.751
0.307, -0.46, 0.834
0.338, -0.506, 0.918
0.369, -0.552, 1.001
0.4, -0.598, 1.085
0.43, -0.644, 1.168
0.461, -0.69, 1.251
0.492, -0.736, 1.335
0.522, -0.782, 1.418
-0.055, 0.014, 0.083
-0.11, 0.028, 0.165
-0.166, 0.042, 0.247
-0.221, 0.055, 0.329
-0.277, 0.069, 0.411
-0.332, 0.083, 0.493
-0.387, 0.096, 0.575
-0.443, 0.11, 0.657
-0.498, 0.124, 0.739
-0.554, 0.137, 0.821
-0.609, 0.151, 0.904
-0.664, 0.165, 0.986
-0.72, 0.179, 1.068
-0.775, 0.192, 1.15
-0.831, 0.206, 1.232
-0.886, 0.22, 1.314
-0.941, 0.233, 1.396
0.052, 0.029, 0.081
0.104, 0.057, 0.162
0.156, 0.085, 0.243
0.207, 0.113, 0.324
0.259, 0.141, 0.405
0.311, 0.17, 0.486
0.362, 0.198, 0.567
0.414, 0.226, 0.648
0.466, 0.254, 0.729
0.517, 0.282, 0.809
0.569, 0.311, 0.89
0.621, 0.339, 0.971
0.673, 0.367, 1.052
0.724, 0.395, 1.133
0.776, 0.423, 1.214
0.828, 0.452, 1.295
0.879, 0.48, 1.376
-0.019, -0.057, 0.08
-0.039, -0.114, 0.16
-0.058, -0.171, 0.24
-0.078, -0.228, 0.319
-0.097, -0.286, 0.399
-0.117, -0.343, 0.479
-0.136, -0.4, 0.558
-0.156, -0.457, 0.638
-0.175, -0.514, 0.718
-0.195, -0.572, 0.797
-0.214, -0.629, 0.877
-0.234, -0.686, 0.957
-0.253, -0.743, 1.037
-0.273, -0.8, 1.116
-0.292, -0.857, 1.196
-0.312, -0.915, 1.276
-0.331, -0.972, 1.355
-0.024, 0.057, 0.079
-0.049, 0.114, 0.157
-0.074, 0.171, 0.236
-0.099, 0.228, 0.314
-0.124, 0.285, 0.392
-0.148, 0.342, 0.471
-0.173, 0.399, 0.549
-0.198, 0.456, 0.628
-0.223, 0.513, 0.706
-0.248, 0.569, 0.784
-0.272, 0.626, 0.863
-0.297, 0.683, 0.941
-0.322, 0.74, 1.02
-0.347, 0.797, 1.098
-0.372, 0.854, 1.177
-0.396, 0.911, 1.255
-0.421, 0.968, 1.333
0.059, -0.025, 0.078
0.117, -0.051, 0.155
0.175, -0.077, 0.232
0.233, -0.102, 0.309
0.291, -0.128, 0.386
0.35, -0.154, 0.464
0.408, -0.179, 0.541
0.466, -0.205, 0.618
0.524, -0.231, 0.695
0.582, -0.257, 0.772
0.641, -0.282, 0.85
0.699, -0.308, 0.927
0.757, -0.334, 1.004
0.815, -0.359, 1.081
0.873, -0.385, 1.158
0.932, -0.411, 1.236
0.99, -0.436, 1.313
-0.061, -0.02, 0.077
-0.123, -0.041, 0.153
-0.184, -0.062, 0.229
-0.246, -0.082, 0.305
-0.308, -0.103, 0.38
-0.369, -0.124, 0.457
-0.431, -0.144, 0.532
-0.492, -0.165, 0.609
-0.554, -0.186, 0.684
-0.616, -0.207, 0.76
-0.677, -0.227, 0.837
-0.739, -0.248, 0.913
-0.8, -0.269, 0.989
-0.862, -0.289, 1.064
-0.923, -0.31, 1.141
-0.985, -0.331, 1.217
-1.047, -0.351, 1.293
0.033, 0.059, 0.075
0.065, 0.117, 0.15
0.097, 0.175, 0.225
0.129, 0.234, 0.299
0.161, 0.292, 0.374
0.194, 0.35, 0.449
0.226, 0.409, 0.523
0.258, 0.467, 0.598
0.29, 0.525, 0.673
0.322, 0.583, 0.747
0.355, 0.642, 0.822
0.387, 0.7, 0.897
0.419, 0.758, 0.972
0.451, 0.817, 1.046
0.483, 0.875, 1.121
0.516, 0.933, 1.196
0.548, 0.992, 1.27
0.016, -0.065, 0.074
0.032, -0.131, 0.147
0.049, -0.197, 0.221
0.064, -0.263, 0.294
0.08, -0.329, 0.368
0.097, -0.395, 0.442
0.113, -0.461, 0.515
0.128, -0.527, 0.588
0.145, -0.593, 0.662
0.16, -0.659, 0.735
0.177, -0.724, 0.809
0.193, -0.79, 0.883
0.209, -0.856, 0.956
0.225, -0.922, 1.03
0.24, -0.988, 1.103
0.256, -1.054, 1.176
0.272, -1.12, 1.25
-0.057, 0.039, 0.073
-0.114, 0.078, 0.145
-0.171, 0.117, 0.217
-0.229, 0.155, 0.29
-0.286, 0.194, 0.362
-0.343, 0.233, 0.434
-0.401, 0.271, 0.507
-0.458, 0.31, 0.579
-0.515, 0.349, 0.651
-0.573, 0.387, 0.723
-0.63, 0.426, 0.796
-0.687, 0.465, 0.868
-0.744, 0.504, 0.94
-0.802, 0.542, 1.013
-0.859, 0.581, 1.085
-0.916, 0.62, 1.157
-0.974, 0.658, 1.23
0.07, 0.011, 0.071
0.14, 0.021, 0.142
0.21, 0.032, 0.214
0.279, 0.042, 0.284
0.349, 0.053, 0.355
0.419, 0.063, 0.427
0.488, 0.074, 0.497
0.558, 0.084, 0.568
0.628, 0.095, 0.639
0.697, 0.105, 0.71
0.767, 0.116, 0.781
0.837, 0.126, 0.853
0.907, 0.137, 0.923
0.976, 0.148, 0.994
1.046, 0.158, 1.065
1.116, 0.168, 1.136
1.185, 0.179, 1.207
-0.045, -0.055, 0.07
-0.09, -0.111, 0.14
-0.135, -0.167, 0.21
-0.18, -0.222, 0.28
-0.225, -0.278, 0.349
-0.27, -0.334, 0.419
-0.315, -0.389, 0.489
-0.36, -0.445, 0.559
-0.405, -0.501, 0.629
-0.45, -0.557, 0.698
-0.495, -0.612, 0.768
-0.54, -0.668, 0.838
-0.585, -0.724, 0.908
-0.63, -0.779, 0.978
-0.675, -0.835, 1.047
-0.72, -0.891, 1.117
-0.765, -0.946, 1.187
-0.004, 0.073, 0.069
-0.009, 0.146, 0.138
-0.013, 0.219, 0.206
-0.018, 0.291, 0.275
-0.022, 0.364, 0.343
-0.027, 0.437, 0.412
-0.031, 0.509, 0.481
-0.036, 0.582, 0.549
-0.04, 0.655, 0.618
-0.045, 0.727, 0.686
-0.049, 0.8, 0.755
-0.054, 0.873, 0.824
-0.058, 0.946, 0.892
-0.063, 1.018, 0.961
-0.067, 1.091, 1.03
-0.072, 1.164, 1.098
-0.076, 1.236, 1.167
0.054, -0.051, 0.068
0.107, -0.102, 0.135
0.16, -0.153, 0.202
0.214, -0.205, 0.27
0.267, -0.256, 0.337
0.32, -0.307, 0.404
0.374, -0.359, 0.472
0.427, -0.41, 0.539
0.48, -0.461, 0.606
0.533, -0.513, 0.673
0.587, -0.564, 0.741
0.64, -0.615, 0.808
0.693, -0.666, 0.875
0.747, -0.718, 0.943
0.8, -0.769, 1.01
0.853, -0.82, 1.077
0.907, -0.872, 1.145
-0.075, 0.002, 0.067
-0.15, 0.004, 0.133
-0.225, 0.007, 0.199
-0.3, 0.008, 0.265
-0.375, 0.01, 0.331
-0.45, 0.013, 0.397
-0.525, 0.015, 0.463
-0.6, 0.016, 0.529
-0.675, 0.019, 0.595
-0.75, 0.02, 0.661
-0.825, 0.023, 0.728
-0.9, 0.025, 0.794
-0.975, 0.027, 0.86
-1.05, 0.029, 0.926
-1.125, 0.03, 0.992
-1.2, 0.032, 1.058
-1.275, 0.034, 1.124
0.058, 0.05, 0.065
0.115, 0.1, 0.13
0.173, 0.151, 0.195
0.23, 0.2, 0.26
0.288, 0.25, 0.325
0.346, 0.301, 0.39
0.403, 0.351, 0.455
0.46, 0.4, 0.52
0.518, 0.45, 0.585
0.575, 0.5, 0.649
0.633, 0.55, 0.714
0.691, 0.601, 0.779
0.748, 0.65, 0.844
0.805, 0.701, 0.909
0.863, 0.75, 0.974
0.92, 0.8, 1.039
0.978, 0.851, 1.104
-0.008, -0.076, 0.064
-0.017, -0.153, 0.128
-0.026, -0.229, 0.191
-0.034, -0.306, 0.255
-0.043, -0.383, 0.318
-0.052, -0.459, 0.382
-0.06, -0.536, 0.446
-0.069, -0.612, 0.509
-0.078, -0.689, 0.573
-0.087, -0.766, 0.636
-0.095, -0.842, 0.7
-0.104, -0.919, 0.764
-0.113, -0.995, 0.827
-0.121, -1.072, 0.891
-0.13, -1.149, 0.954
-0.139, -1.225, 1.018
-0.147, -1.302, 1.082
-0.045, 0.064, 0.063
-0.091, 0.127, 0.125
-0.137, 0.19, 0.188
-0.183, 0.254, 0.25
-0.229, 0.317, 0.312
-0.275, 0.38, 0.375
-0.321, 0.444, 0.437
-0.367, 0.507, 0.5
-0.413, 0.57, 0.562
-0.459, 0.633, 0.624
-0.504, 0.697, 0.687
-0.55, 0.76, 0.749
-0.596, 0.823, 0.812
-0.642, 0.887, 0.874
-0.688, 0.95, 0.936
-0.734, 1.013, 0.999
-0.78, 1.077, 1.061
0.078, -0.015, 0.062
0.156, -0.031, 0.123
0.233, -0.047, 0.184
0.311, -0.062, 0.245
0.388, -0.078, 0.306
0.466, -0.094, 0.368
0.544, -0.109, 0.429
0.621, -0.125, 0.49
0.699, -0.141, 0.551
0.776, -0.157, 0.612
0.854, -0.172, 0.674
0.932, -0.188, 0.735
1.009, -0.204, 0.796
1.087, -0.219, 0.857
1.165, -0.235, 0.918
1.242, -0.251, 0.98
1.32, -0.266, 1.041
-0.068, -0.041, 0.06
-0.137, -0.082, 0.12
-0.205, -0.123, 0.18
-0.274, -0.164, 0.24
-0.343, -0.206, 0.3
-0.411, -0.247, 0.36
-0.48, -0.288, 0.42
-0.548, -0.329, 0.48
-0.617, -0.37, 0.54
-0.686, -0.412, 0.599
-0.754, -0.453, 0.659
-0.823, -0.494, 0.719
-0.891, -0.535, 0.779
-0.96, -0.576, 0.839
-1.029, -0.618, 0.899
-1.097, -0.659, 0.959
-1.166, -0.7, 1.019
0.024, 0.078, 0.059
0.047, 0.156, 0.118
0.07, 0.234, 0.177
0.093, 0.311, 0.235
0.116, 0.389, 0.294
0.139, 0.467, 0.353
0.162, 0.544, 0.411
0.185, 0.622, 0.47
0.208, 0.7, 0.529
0.231, 0.777, 0.587
0.255, 0.855, 0.646
0.278, 0.933, 0.705
0.301, 1.011, 0.764
0.324, 1.088, 0.822
0.347, 1.166, 0.881
0.37, 1.244, 0.94
0.393, 1.321, 0.998
0.036, -0.073, 0.058
0.072, -0.147, 0.115
0.108, -0.22, 0.173
0.144, -0.294, 0.23
0.18, -0.368, 0.288
0.216, -0.441, 0.346
0.252, -0.515, 0.403
0.288, -0.588, 0.46
0.324, -0.662, 0.518
0.359, -0.736, 0.575
0.395, -0.809, 0.633
0.431, -0.883, 0.691
0.467, -0.956, 0.748
0.503, -1.03, 0.805
0.539, -1.104, 0.863
0.575, -1.177, 0.92
0.611, -1.251, 0.978
-0.076, 0.031, 0.057
-0.153, 0.061, 0.113
-0.23, 0.092, 0.169
-0.307, 0.122, 0.225
-0.384, 0.152, 0.281
-0.461, 0.183, 0.338
-0.538, 0.213, 0.394
-0.615, 0.244, 0.45
-0.692, 0.274, 0.506
-0.769, 0.304, 0.562
-0.845, 0.335, 0.619
-0.922, 0.365, 0.675
-0.999, 0.396, 0.731
-1.076, 0.426, 0.787
-1.153, 0.456, 0.844
-1.23, 0.487, 0.9
-1.307, 0.517, 0.956
0.079, 0.03, 0.056
0.157, 0.06, 0.111
0.235, 0.09, 0.166
0.313, 0.12, 0.221
0.391, 0.15, 0.275
0.469, 0.18, 0.331
0.547, 0.21, 0.386
0.625, 0.24, 0.441
0.703, 0.27, 0.496
0.781, 0.299, 0.55
0.86, 0.329, 0.606
0.938, 0.359, 0.661
1.016, 0.389, 0.716
1.094, 0.419, 0.771
1.172, 0.449, 0.826
1.25, 0.479, 0.881
1.328, 0.509, 0.936
-0.037, -0.075, 0.054
-0.075, -0.15, 0.108
-0.112, -0.226, 0.162
-0.15, -0.301, 0.216
-0.188, -0.377, 0.269
-0.225, -0.452, 0.323
-0.263, -0.527, 0.377
-0.3, -0.603, 0.431
-0.338, -0.678, 0.485
-0.376, -0.754, 0.538
-0.413, -0.829, 0.592
-0.451, -0.904, 0.646
-0.488, -0.98, 0.7
-0.526, -1.055, 0.754
-0.564, -1.131, 0.807
-0.601, -1.206, 0.861
-0.639, -1.281, 0.915
-0.023, 0.082, 0.053
-0.046, 0.164, 0.106
-0.069, 0.246, 0.158
-0.093, 0.328, 0.211
-0.116, 0.41, 0.263
-0.139, 0.492, 0.316
-0.163, 0.574, 0.368
-0.186, 0.656, 0.421
-0.209, 0.738, 0.473
-0.233, 0.819, 0.525
-0.256, 0.901, 0.578
-0.279, 0.983, 0.631
-0.302, 1.065, 0.683
-0.326, 1.147, 0.736
-0.349, 1.229, 0.788
-0.372, 1.311, 0.841
-0.396, 1.393, 0.893
0.074, -0.044, 0.052
0.147, -0.089, 0.103
0.22, -0.134, 0.154
0.293, -0.179, 0.206
0.366, -0.224, 0.257
0.44, -0.269, 0.308
0.513, -0.314, 0.36
0.586, -0.359, 0.411
0.659, -0.404, 0.462
0.732, -0.449, 0.513
0.806, -0.493, 0.565
0.879, -0.538, 0.616
0.952, -0.583, 0.667
1.025, -0.628, 0.719
1.098, -0.673, 0.77
1.172, -0.718, 0.821
1.245, -0.763, 0.873
-0.085, -0.016, 0.051
-0.17, -0.032, 0.101
-0.255, -0.049, 0.151
-0.34, -0.065, 0.201
-0.425, -0.082, 0.251
-0.51, -0.098, 0.301
-0.595, -0.114, 0.351
-0.68, -0.131, 0.401
-0.765, -0.147, 0.451
-0.85, -0.164, 0.501
-0.935, -0.18, 0.552
-1.02, -0.196, 0.602
-1.105, -0.213, 0.652
-1.19, -0.229, 0.702
-1.275, -0.246, 0.752
-1.36, -0.262, 0.802
-1.445, -0.278, 0.852
0.053, 0.071, 0.049
0.105, 0.141, 0.098
0.157, 0.211, 0.147
0.209, 0.281, 0.196
0.261, 0.351, 0.244
0.313, 0.422, 0.293
0.365, 0.492, 0.342
0.417, 0.562, 0.391
0.469, 0.632, 0.44
0.521, 0.702, 0.488
0.574, 0.773, 0.537
0.626, 0.843, 0.586
0.678, 0.913, 0.635
0.73, 0.983, 0.684
0.782, 1.053, 0.732
0.834, 1.124, 0.781
0.886, 1.194, 0.83
0.01, -0.087, 0.048
0.019, -0.175, 0.096
0.028, -0.262, 0.143
0.037, -0.35, 0.191
0.046, -0.437, 0.238
0.055, -0.525, 0.286
0.064, -0.612, 0.334
0.073, -0.7, 0.381
0.082, -0.787, 0.429
0.091, -0.875, 0.476
0.101, -0.962, 0.524
0.11, -1.05, 0.572
0.119, -1.137, 0.619
0.128, -1.225, 0.667
0.137, -1.312, 0.714
0.146, -1.4, 0.762
0.155, -1.487, 0.81
-0.066, 0.059, 0.047
-0.132, 0.118, 0.093
-0.198, 0.177, 0.139
-0.264, 0.236, 0.186
-0.331, 0.295, 0.232
-0.397, 0.354, 0.278
-0.463, 0.413, 0.325
-0.529, 0.472, 0.371
-0.595, 0.531, 0.417
-0.662, 0.589, 0.463
-0.728, 0.648, 0.51
-0.794, 0.707, 0.556
-0.86, 0.766, 0.602
-0.926, 0.825, 0.649
-0.993, 0.884, 0.695
-1.059, 0.943, 0.741
-1.125, 1.002, 0.788
0.09, 0.002, 0.046
0.179, 0.003, 0.091
0.268, 0.005, 0.136
0.358, 0.006, 0.181
0.447, 0.008, 0.226
0.536, 0.01, 0.271
0.626, 0.011, 0.316
0.715, 0.012, 0.361
0.804, 0.014, 0.406
0.893, 0.015, 0.451
0.983, 0.017, 0.497
1.072, 0.019, 0.542
1.161, 0.02, 0.587
1.251, 0.021, 0.632
1.34, 0.023, 0.677
1.429, 0.024, 0.722
1.519, 0.026, 0.767
-0.065, -0.061, 0.044
-0.13, -0.123, 0.088
-0.195, -0.185, 0.132
-0.261, -0.246, 0.176
-0.326, -0.308, 0.22
-0.391, -0.37, 0.264
-0.457, -0.431, 0.308
-0.522, -0.493, 0.352
-0.587, -0.555, 0.396
-0.653, -0.617, 0.439
-0.718, -0.678, 0.483
-0.783, -0.74, 0.527
-0.848, -0.802, 0.571
-0.914, -0.863, 0.615
-0.979, -0.925, 0.659
-1.044, -0.987, 0.703
-1.11, -1.048, 0.747
0.007, 0.091, 0.043
0.014, 0.181, 0.086
0.02, 0.271, 0.128
0.027, 0.362, 0.171
0.033, 0.452, 0.213
0.04, 0.542, 0.256
0.046, 0.633, 0.299
0.053, 0.723, 0.341
0.059, 0.813, 0.384
0.065, 0.903, 0.426
0.072, 0.994, 0.469
0.079, 1.084, 0.512
0.085, 1.174, 0.554
0.092, 1.265, 0.597
0.098, 1.355, 0.639
0.105, 1.445, 0.682
0.111, 1.536, 0.725
0.057, -0.071, 0.042
0.114, -0.142, 0.083
0.17, -0.213, 0.125
0.227, -0.285, 0.166
0.283, -0.356, 0.207
0.34, -0.427, 0.249
0.397, -0.499, 0.29
0.453, -0.57, 0.332
0.51, -0.641, 0.373
0.566, -0.713, 0.414
0.623, -0.784, 0.456
0.68, -0.855, 0.497
0.736, -0.926, 0.539
0.793, -0.998, 0.58
0.849, -1.069, 0.621
0.906, -1.14, 0.663
0.963, -1.212, 0.704
-0.09, 0.015, 0.041
-0.18, 0.03, 0.081
-0.271, 0.044, 0.121
-0.361, 0.059, 0.161
-0.452, 0.073, 0.201
-0.542, 0.088, 0.242
-0.632, 0.103, 0.282
-0.723, 0.117, 0.322
-0.813, 0.132, 0.362
-0.904, 0.146, 0.402
-0.994, 0.161, 0.443
-1.084, 0.176, 0.483
-1.175, 0.19, 0.523
-1.265, 0.205, 0.563
-1.356, 0.219, 0.603
-1.446, 0.234, 0.644
-1.536, 0.249, 0.684
0.078, 0.051, 0.039
0.155, 0.102, 0.078
0.232, 0.153, 0.117
0.309, 0.203, 0.156
0.385, 0.254, 0.195
0.463, 0.305, 0.234
0.539, 0.355, 0.273
0.617, 0.406, 0.312
0.694, 0.457, 0.351
0.77, 0.507, 0.389
0.848, 0.558, 0.428
0.925, 0.609, 0.467
1.002, 0.66, 0.506
1.078, 0.71, 0.545
1.155, 0.761, 0.584
1.233, 0.812, 0.623
1.31, 0.862, 0.662
-0.022, -0.089, 0.038
-0.045, -0.179, 0.076
-0.067, -0.269, 0.114
-0.09, -0.359, 0.151
-0.113, -0.449, 0.189
-0.135, -0.538, 0.227
-0.158, -0.628, 0.264
-0.18, -0.718, 0.302
-0.203, -0.808, 0.34
-0.226, -0.898, 0.377
-0.248, -0.987, 0.415
-0.271, -1.077, 0.453
-0.293, -1.167, 0.491
-0.316, -1.257, 0.528
-0.339, -1.347, 0.566
-0.361, -1.436, 0.604
-0.384, -1.526, 0.641
-0.044, 0.082, 0.037
-0.088, 0.164, 0.073
-0.132, 0.247, 0.11
-0.176, 0.328, 0.146
-0.221, 0.41, 0.183
-0.265, 0.493, 0.22
-0.309, 0.575, 0.256
-0.353, 0.656, 0.292
-0.397, 0.738, 0.329
-0.442, 0.82, 0.365
-0.486, 0.902, 0.402
-0.53, 0.985, 0.439
-0.574, 1.066, 0.475
-0.618, 1.149, 0.511
-0.663, 1.23, 0.548
-0.707, 1.312, 0.584
-0.751, 1.395, 0.621
0.089, -0.03, 0.036
0.178, -0.061, 0.071
0.266, -0.092, 0.106
0.355, -0.122, 0.141
0.443, -0.153, 0.176
0.532, -0.184, 0.212
0.62, -0.214, 0.247
0.709, -0.245, 0.282
0.797, -0.276, 0.317
0.885, -0.307, 0.352
0.974, -0.337, 0.388
1.063, -0.368, 0.423
1.151, -0.399, 0.458
1.239, -0.429, 0.493
1.328, -0.46, 0.528
1.417, -0.491, 0.564
1.505, -0.521, 0.599
-0.086, -0.037, 0.034
-0.172, -0.074, 0.068
-0.258, -0.111, 0.103
-0.345, -0.148, 0.136
-0.431, -0.186, 0.17
-0.517, -0.223, 0.205
-0.604, -0.26, 0.239
-0.69, -0.297, 0.272
-0.776, -0.334, 0.307
-0.863, -0.372, 0.34
-0.949, -0.409, 0.375
-1.035, -0.446, 0.409
-1.121, -0.483, 0.443
-1.208, -0.52, 0.477
-1.294, -0.558, 0.51
-1.38, -0.595, 0.544
-1.467, -0.632, 0.579
0.039, 0.087, 0.033
0.078, 0.173, 0.066
0.117, 0.259, 0.099
0.155, 0.346, 0.132
0.194, 0.432, 0.164
0.233, 0.518, 0.197
0.271, 0.605, 0.23
0.31, 0.691, 0.263
0.349, 0.777, 0.296
0.387, 0.863, 0.328
0.426, 0.95, 0.361
0.465, 1.036, 0.394
0.504, 1.122, 0.427
0.542, 1.209, 0.46
0.581, 1.295, 0.492
0.62, 1.381, 0.525
0.658, 1.468, 0.558
0.03, -0.09, 0.032
0.06, -0.18, 0.063
0.09, -0.27, 0.095
0.12, -0.36, 0.126
0.15, -0.45, 0.158
0.18, -0.54, 0.19
0.21, -0.63, 0.221
0.24, -0.72, 0.252
0.27, -0.81, 0.284
0.299, -0.901, 0.315
0.329, -0.991, 0.347
0.359, -1.081, 0.379
0.389, -1.171, 0.41
0.419, -1.261, 0.442
0.449, -1.351, 0.473
0.479, -1.441, 0.504
0.509, -1.531, 0.536
-0.083, 0.047, 0.031
-0.166, 0.094, 0.061
-0.249, 0.14, 0.091
-0.332, 0.187, 0.122
-0.416, 0.233, 0.152
-0.499, 0.28, 0.182
-0.582, 0.326, 0.213
-0.665, 0.373, 0.243
-0.748, 0.419, 0.273
-0.832, 0.465, 0.303
-0.915, 0.512, 0.334
-0.998, 0.559, 0.364
-1.081, 0.605, 0.394
-1.164, 0.652, 0.425
-1.248, 0.698, 0.455
-1.331, 0.745, 0.485
-1.414, 0.791, 0.516
0.094, 0.023, 0.03
0.187, 0.045, 0.059
0.28, 0.067, 0.088
0.373, 0.089, 0.117
0.466, 0.111, 0.146
0.56, 0.133, 0.175
0.653, 0.155, 0.204
0.746, 0.177, 0.233
0.839, 0.199, 0.262
0.932, 0.221, 0.291
1.026, 0.244, 0.321
1.119, 0.266, 0.35
1.212, 0.288, 0.379
1.305, 0.31, 0.408
1.399, 0.332, 0.437
1.492, 0.354, 0.466
1.585, 0.376, 0.495
-0.054, -0.079, 0.028
-0.108, -0.158, 0.056
-0.162, -0.238, 0.084
-0.216, -0.317, 0.112
-0.27, -0.397, 0.139
-0.324, -0.476, 0.167
-0.378, -0.555, 0.195
-0.432, -0.635, 0.223
-0.486, -0.714, 0.251
-0.54, -0.794, 0.278
-0.594, -0.873, 0.306
-0.648, -0.952, 0.334
-0.702, -1.032, 0.362
-0.756, -1.111, 0.39
-0.81, -1.191, 0.418
-0.864, -1.27, 0.445
-0.918, -1.349, 0.473
-0.013, 0.096, 0.027
-0.027, 0.191, 0.054
-0.041, 0.287, 0.08
-0.055, 0.382, 0.107
-0.069, 0.478, 0.133
-0.082, 0.574, 0.16
-0.096, 0.669, 0.187
-0.11, 0.764, 0.213
-0.124, 0.86, 0.24
-0.138, 0.955, 0.266
-0.151, 1.051, 0.293
-0.165, 1.147, 0.32
-0.179, 1.242, 0.346
-0.193, 1.337, 0.373
-0.207, 1.433, 0.399
-0.22, 1.528, 0.426
-0.234, 1.624, 0.453
0.076, -0.061, 0.026
0.151, -0.122, 0.051
0.226, -0.183, 0.077
0.301, -0.244, 0.102
0.375, -0.305, 0.127
0.451, -0.366, 0.153
0.525, -0.427, 0.178
0.601, -0.488, 0.204
0.675, -0.549, 0.229
0.75, -0.611, 0.254
0.826, -0.672, 0.28
0.901, -0.733, 0.305
0.976, -0.794, 0.331
1.05, -0.855, 0.356
1.125, -0.916, 0.381
1.201, -0.977, 0.407
1.276, -1.038, 0.432
-0.096, -0.005, 0.025
-0.193, -0.011, 0.049
-0.29, -0.016, 0.073
-0.387, -0.022, 0.097
-0.484, -0.027, 0.121
-0.581, -0.033, 0.145
-0.678, -0.038, 0.169
-0.775, -0.044, 0.193
-0.872, -0.049, 0.217
-0.969, -0.055, 0.241
-1.065, -0.06, 0.266
-1.162, -0.066, 0.29
-1.259, -0.071, 0.314
-1.356, -0.077, 0.338
-1.453, -0.082, 0.362
-1.55, -0.088, 0.386
-1.647, -0.093, 0.41
0.068, 0.07, 0.023
0.136, 0.14, 0.046
0.205, 0.21, 0.069
0.272, 0.28, 0.092
0.34, 0.349, 0.115
0.409, 0.419, 0.138
0.477, 0.489, 0.161
0.544, 0.559, 0.184
0.613, 0.629, 0.207
0.68, 0.698, 0.229
0.749, 0.768, 0.252
0.817, 0.838, 0.275
0.885, 0.908, 0.298
0.953, 0.978, 0.321
1.02, 1.047, 0.344
1.088, 1.117, 0.367
1.157, 1.187, 0.39
-0.002, -0.097, 0.022
-0.005, -0.195, 0.044
-0.008, -0.292, 0.066
-0.011, -0.39, 0.087
-0.014, -0.487, 0.109
-0.017, -0.585, 0.131
-0.02, -0.682, 0.152
-0.023, -0.78, 0.174
-0.026, -0.877, 0.196
-0.029, -0.975, 0.217
-0.031, -1.072, 0.239
-0.034, -1.17, 0.261
-0.037, -1.267, 0.283
-0.04, -1.365, 0.304
-0.043, -1.462, 0.326
-0.046, -1.56, 0.348
-0.049, -1.657, 0.369
-0.063, 0.075, 0.021
-0.127, 0.149, 0.041
-0.191, 0.223, 0.062
-0.255, 0.297, 0.082
-0.319, 0.371, 0.102
-0.383, 0.446, 0.123
-0.447, 0.52, 0.143
-0.511, 0.594, 0.164
-0.575, 0.668, 0.184
-0.639, 0.742, 0.204
-0.702, 0.817, 0.225
-0.766, 0.891, 0.245
-0.83, 0.965, 0.266
-0.894, 1.039, 0.286
-0.958, 1.113, 0.306
-1.022, 1.188, 0.327
-1.086, 1.262, 0.347
0.098, -0.011, 0.02
0.195, -0.023, 0.039
0.293, -0.034, 0.058
0.39, -0.046, 0.077
0.488, -0.057, 0.096
0.586, -0.069, 0.116
0.683, -0.08, 0.135
0.78, -0.092, 0.154
0.878, -0.103, 0.173
0.975, -0.115, 0.192
1.073, -0.126, 0.212
1.171, -0.138, 0.231
1.268, -0.149, 0.25
1.365, -0.161, 0.269
1.463, -0.172, 0.289
1.56, -0.184, 0.308
1.658, -0.195, 0.327
-0.079, -0.057, 0.018
-0.159, -0.114, 0.036
-0.239, -0.172, 0.055
-0.319, -0.229, 0.072
-0.399, -0.287, 0.09
-0.478, -0.344, 0.109
-0.558, -0.401, 0.126
-0.638, -0.459, 0.144
-0.718, -0.516, 0.162
-0.798, -0.574, 0.18
-0.877, -0.631, 0.198
-0.957, -0.688, 0.217
-1.037, -0.746, 0.234
-1.117, -0.803, 0.252
-1.197, -0.861, 0.27
-1.276, -0.918, 0.288
-1.356, -0.975, 0.306
0.021, 0.097, 0.017
0.041, 0.194, 0.034
0.061, 0.29, 0.051
0.081, 0.387, 0.067
0.101, 0.483, 0.084
0.122, 0.58, 0.101
0.142, 0.677, 0.117
0.162, 0.773, 0.134
0.182, 0.87, 0.151
0.202, 0.966, 0.167
0.223, 1.063, 0.184
0.243, 1.16, 0.201
0.263, 1.256, 0.218
0.283, 1.353, 0.234
0.304, 1.449, 0.251
0.324, 1.546, 0.268
0.344, 1.643, 0.284
0.051, -0.084, 0.016
0.101, -0.169, 0.031
0.152, -0.254, 0.047
0.202, -0.339, 0.062
0.253, -0.424, 0.078
0.304, -0.509, 0.094
0.354, -0.594, 0.109
0.404, -0.679, 0.124
0.455, -0.764, 0.14
0.505, -0.849, 0.155
0.556, -0.933, 0.171
0.607, -1.018, 0.187
0.657, -1.103, 0.202
0.708, -1.188, 0.218
0.758, -1.273, 0.233
0.808, -1.358, 0.248
0.859, -1.443, 0.264
-0.094, 0.029, 0.015
-0.189, 0.058, 0.029
-0.284, 0.086, 0.043
-0.378, 0.115, 0.057
-0.473, 0.143, 0.071
-0.568, 0.172, 0.086
-0.662, 0.201, 0.1
-0.757, 0.229, 0.114
-0.852, 0.258, 0.128
-0.947, 0.286, 0.142
-1.041, 0.315, 0.157
-1.136, 0.344, 0.171
-1.231, 0.372, 0.185
-1.325, 0.401, 0.199
-1.42, 0.429, 0.213
-1.515, 0.458, 0.228
-1.609, 0.487, 0.242
0.09, 0.044, 0.014
0.179, 0.087, 0.027
0.269, 0.13, 0.04
0.358, 0.173, 0.053
0.447, 0.216, 0.065
0.537, 0.259, 0.079
0.626, 0.302, 0.092
0.716, 0.345, 0.105
0.805, 0.388, 0.117
0.894, 0.431, 0.13
0.984, 0.475, 0.144
1.073, 0.518, 0.157
1.163, 0.561, 0.169
1.252, 0.604, 0.183
1.341, 0.647, 0.195
1.431, 0.69, 0.209
1.52, 0.733, 0.222
-0.036, -0.092, 0.012
-0.073, -0.184, 0.024
-0.11, -0.276, 0.036
-0.147, -0.368, 0.048
-0.184, -0.461, 0.059
-0.22, -0.553, 0.071
-0.257, -0.645, 0.083
-0.294, -0.737, 0.095
-0.331, -0.829, 0.107
-0.368, -0.922, 0.118
-0.404, -1.014, 0.13
-0.441, -1.106, 0.142
-0.478, -1.198, 0.154
-0.515, -1.29, 0.166
-0.552, -1.383, 0.177
-0.588, -1.475, 0.189
-0.625, -1.567, 0.201
-0.035, 0.094, 0.011
-0.07, 0.187, 0.021
-0.105, 0.28, 0.032
-0.14, 0.373, 0.042
-0.175, 0.466, 0.053
-0.21, 0.559, 0.063
-0.245, 0.652, 0.074
-0.28, 0.745, 0.084
-0.315, 0.838, 0.095
-0.351, 0.931, 0.105
-0.386, 1.025, 0.116
-0.421, 1.118, 0.126
-0.456, 1.211, 0.137
-0.491, 1.304, 0.148
-0.526, 1.397, 0.158
-0.561, 1.49, 0.168
-0.596, 1.583, 0.179
0.089, -0.044, 0.01
0.178, -0.089, 0.019
0.267, -0.134, 0.028
0.356, -0.179, 0.038
0.445, -0.224, 0.047
0.534, -0.269, 0.056
0.623, -0.314, 0.066
0.712, -0.359, 0.075
0.801, -0.404, 0.084
0.889, -0.449, 0.093
0.978, -0.493, 0.103
1.067, -0.538, 0.112
1.156, -0.583, 0.121
1.245, -0.628, 0.131
1.334, -0.673, 0.14
1.423, -0.718, 0.149
1.512, -0.763, 0.159
-0.095, -0.026, 0.009
-0.191, -0.053, 0.017
-0.287, -0.08, 0.025
-0.383, -0.107, 0.033
-0.479, -0.134, 0.041
-0.575, -0.161, 0.049
-0.671, -0.188, 0.057
-0.767, -0.215, 0.065
-0.863, -0.242, 0.073
-0.959, -0.269, 0.081
-1.054, -0.295, 0.09
-1.15, -0.322, 0.098
-1.246, -0.349, 0.106
-1.342, -0.376, 0.114
-1.438, -0.403, 0.122
-1.534, -0.43, 0.13
-1.63, -0.457, 0.138
0.053, 0.085, 0.007
0.106, 0.17, 0.014
0.159, 0.255, 0.021
0.211, 0.34, 0.028
0.264, 0.424, 0.034
0.317, 0.509, 0.041
0.369, 0.594, 0.048
0.422, 0.679, 0.055
0.475, 0.764, 0.062
0.527, 0.848, 0.068
0.58, 0.933, 0.075
0.633, 1.018, 0.082
0.686, 1.103, 0.089
0.738, 1.188, 0.096
0.791, 1.272, 0.103
0.844, 1.357, 0.109
0.896, 1.442, 0.116
0.019, -0.098, 0.006
0.037, -0.196, 0.012
0.056, -0.294, 0.017
0.074, -0.392, 0.023
0.093, -0.49, 0.028
0.112, -0.588, 0.034
0.13, -0.686, 0.04
0.148, -0.784, 0.045
0.167, -0.882, 0.051
0.185, -0.981, 0.056
0.204, -1.079, 0.062
0.223, -1.177, 0.068
0.241, -1.275, 0.073
0.259, -1.373, 0.079
0.278, -1.471, 0.084
0.296, -1.569, 0.09
0.315, -1.667, 0.096
-0.079, 0.06, 0.005
-0.159, 0.12, 0.009
-0.239, 0.181, 0.014
-0.319, 0.24, 0.018
-0.399, 0.3, 0.022
-0.479, 0.361, 0.027
-0.559, 0.421, 0.031
-0.639, 0.48, 0.036
-0.719, 0.54, 0.04
-0.799, 0.6, 0.044
-0.878, 0.66, 0.049
-0.958, 0.721, 0.053
-1.038, 0.78, 0.058
-1.118, 0.841, 0.062
-1.198, 0.9, 0.066
-1.278, 0.96, 0.071
-1.358, 1.02, 0.075
0.1, 0.01, 0.004
0.199, 0.02, 0.007
0.299, 0.03, 0.01
0.398, 0.04, 0.013
0.498, 0.05, 0.016
0.598, 0.06, 0.019
0.697, 0.07, 0.022
0.796, 0.08, 0.025
0.896, 0.09, 0.028
0.995, 0.099, 0.031
1.095, 0.109, 0.035
1.195, 0.119, 0.038
1.294, 0.129, 0.041
1.393, 0.139, 0.044
1.493, 0.149, 0.047
1.592, 0.159, 0.05
1.692, 0.169, 0.053
-0.066, -0.074, 0.002
-0.133, -0.148, 0.004
-0.2, -0.223, 0.006
-0.266, -0.297, 0.008
-0.333, -0.372, 0.01
-0.4, -0.446, 0.012
-0.466, -0.52, 0.014
-0.533, -0.595, 0.016
-0.6, -0.669, 0.018
-0.667, -0.744, 0.019
-0.733, -0.818, 0.021
-0.8, -0.892, 0.023
-0.867, -0.967, 0.025
-0.933, -1.041, 0.027
-1.0, -1.116, 0.029
-1.067, -1.19, 0.031
-1.133, -1.264, 0.033
-0.001, 0.1, 0.001
-0.002, 0.2, 0.002
-0.003, 0.301, 0.003
-0.004, 0.4, 0.003
-0.005, 0.5, 0.004
-0.006, 0.601, 0.005
-0.007, 0.701, 0.005
-0.008, 0.8, 0.006
-0.009, 0.9, 0.007
-0.01, 1.0, 0.007
-0.011, 1.1, 0.008
-0.012, 1.201, 0.009
-0.013, 1.3, 0.01
-0.014, 1.401, 0.01
-0.015, 1.5, 0.011
-0.016, 1.6, 0.012
-0.017, 1.701, 0.012
0.069, -0.072, 0.0
0.137, -0.145, -0.001
0.206, -0.218, -0.001
0.274, -0.291, -0.002
0.342, -0.364, -0.003
0.411, -0.437, -0.003
0.479, -0.51, -0.004
0.548, -0.583, -0.004
0.616, -0.656, -0.005
0.684, -0.729, -0.006
0.753, -0.801, -0.006
0.821, -0.874, -0.007
0.89, -0.947, -0.007
0.958, -1.02, -0.008
1.026, -1.093, -0.009
1.095, -1.166, -0.009
1.163, -1.239, -0.01
-0.099, 0.008, -0.001
-0.199, 0.016, -0.003
-0.298, 0.024, -0.005
-0.398, 0.031, -0.007
-0.498, 0.039, -0.009
-0.597, 0.047, -0.01
-0.697, 0.054, -0.012
-0.796, 0.062, -0.014
-0.896, 0.07, -0.016
-0.996, 0.077, -0.018
-1.095, 0.085, -0.019
-1.195, 0.093, -0.021
-1.294, 0.101, -0.023
-1.394, 0.108, -0.025
-1.494, 0.116, -0.026
-1.593, 0.124, -0.028
-1.693, 0.131, -0.03
0.079, 0.062, -0.003
0.158, 0.124, -0.006
0.237, 0.186, -0.009
0.315, 0.247, -0.012
0.394, 0.309, -0.015
0.473, 0.371, -0.018
0.551, 0.432, -0.021
0.63, 0.494, -0.024
0.709, 0.556, -0.027
0.787, 0.617, -0.03
0.866, 0.679, -0.033
0.945, 0.741, -0.036
1.024, 0.803, -0.039
1.102, 0.864, -0.042
1.181, 0.926, -0.045
1.26, 0.988, -0.048
1.338, 1.049, -0.051
-0.016, -0.098, -0.004
-0.032, -0.197, -0.008
-0.048, -0.295, -0.012
-0.065, -0.394, -0.017
-0.081, -0.492, -0.021
-0.097, -0.591, -0.025
-0.114, -0.689, -0.03
-0.13, -0.788, -0.034
-0.146, -0.886, -0.038
-0.163, -0.985, -0.043
-0.179, -1.083, -0.047
-0.195, -1.182, -0.051
-0.211, -1.28, -0.055
-0.228, -1.379, -0.06
-0.244, -1.477, -0.064
-0.26, -1.576, -0.068
-0.277, -1.674, -0.073
-0.054, 0.084, -0.005
-0.109, 0.168, -0.011
-0.163, 0.252, -0.016
-0.218, 0.335, -0.022
-0.272, 0.419, -0.027
-0.327, 0.503, -0.033
-0.381, 0.586, -0.038
-0.436, 0.67, -0.044
-0.49, 0.754, -0.049
-0.545, 0.837, -0.055
-0.599, 0.921, -0.06
-0.654, 1.005, -0.066
-0.708, 1.089, -0.071
-0.763, 1.172, -0.077
-0.817, 1.256, -0.082
-0.872, 1.34, -0.088
-0.926, 1.423, -0.093
0.097, -0.024, -0.006
0.194, -0.049, -0.013
0.291, -0.074, -0.02
0.387, -0.099, -0.026
0.484, -0.124, -0.033
0.581, -0.148, -0.04
0.677, -0.173, -0.046
0.774, -0.198, -0.053
0.871, -0.223, -0.06
0.967, -0.248, -0.067
1.064, -0.272, -0.073
1.161, -0.297, -0.08
1.258, -0.322, -0.087
1.354, -0.347, -0.093
1.451, -0.372, -0.1
1.548, -0.396, -0.107
1.644, -0.421, -0.113
-0.087, -0.046, -0.008
-0.175, -0.093, -0.016
-0.263, -0.14, -0.024
-0.351, -0.187, -0.032
-0.439, -0.234, -0.04
-0.527, -0.281, -0.048
-0.615, -0.328, -0.056
-0.703, -0.375, -0.064
-0.791, -0.422, -0.072
-0.879, -0.469, -0.08
-0.966, -0.515, -0.088
-1.054, -0.562, -0.096
-1.142, -0.609, -0.104
-1.23, -0.656, -0.112
-1.318, -0.703, -0.12
-1.406, -0.75, -0.128
-1.494, -0.797, -0.136
0.034, 0.094, -0.009
0.067, 0.188, -0.018
0.1, 0.282, -0.027
0.133, 0.376, -0.036
0.166, 0.47, -0.046
0.2, 0.564, -0.055
0.233, 0.658, -0.064
0.266, 0.752, -0.073
0.299, 0.846, -0.082
0.332, 0.939, -0.092
0.366, 1.033, -0.101
0.399, 1.127, -0.11
0.432, 1.221, -0.119
0.465, 1.315, -0.128
0.498, 1.409, -0.138
0.532, 1.503, -0.147
0.565, 1.597, -0.156
0.04, -0.091, -0.01
0.079, -0.183, -0.02
0.118, -0.274, -0.031
0.157, -0.366, -0.041
0.195, -0.457, -0.052
0.235, -0.549, -0.062
0.273, -0.64, -0.072
0.313, -0.732, -0.083
0.352, -0.823, -0.093
0.39, -0.915, -0.104
0.43, -1.006, -0.114
0.469, -1.098, -0.124
0.507, -1.189, -0.135
0.546, -1.281, -0.145
0.585, -1.372, -0.156
0.625, -1.464, -0.166
0.664, -1.555, -0.176
-0.09, 0.042, -0.011
-0.18, 0.083, -0.023
-0.271, 0.124, -0.035
-0.361, 0.165, -0.046
-0.452, 0.206, -0.058
-0.542, 0.248, -0.07
-0.632, 0.289, -0.081
-0.723, 0.33, -0.093
-0.813, 0.371, -0.105
-0.904, 0.412, -0.117
-0.994, 0.454, -0.128
-1.084, 0.495, -0.14
-1.175, 0.536, -0.152
-1.265, 0.577, -0.163
-1.356, 0.618, -0.175
-1.446, 0.66, -0.187
-1.536, 0.701, -0.198
0.095, 0.031, -0.012
0.189, 0.062, -0.025
0.283, 0.093, -0.038
0.378, 0.124, -0.051
0.472, 0.154, -0.064
0.566, 0.185, -0.077
0.661, 0.216, -0.09
0.755, 0.247, -0.103
0.849, 0.278, -0.116
0.943, 0.308, -0.129
1.038, 0.339, -0.141
1.132, 0.37, -0.154
1.226, 0.401, -0.167
1.321, 0.432, -0.18
1.415, 0.462, -0.193
1.509, 0.493, -0.206
1.604, 0.524, -0.219
-0.048, -0.086, -0.014
-0.097, -0.172, -0.028
-0.145, -0.258, -0.042
-0.194, -0.344, -0.056
-0.243, -0.43, -0.07
-0.291, -0.516, -0.084
-0.34, -0.602, -0.098
-0.388, -0.688, -0.112
-0.437, -0.774, -0.126
-0.486, -0.861, -0.141
-0.534, -0.947, -0.155
-0.583, -1.033, -0.169
-0.631, -1.119, -0.183
-0.68, -1.205, -0.197
-0.729, -1.291, -0.211
-0.777, -1.377, -0.225
-0.826, -1.463, -0.239
-0.022, 0.097, -0.015
-0.044, 0.193, -0.03
-0.066, 0.289, -0.046
-0.088, 0.386, -0.061
-0.111, 0.482, -0.077
-0.133, 0.578, -0.092
-0.155, 0.675, -0.107
-0.177, 0.771, -0.123
-0.199, 0.867, -0.138
-0.222, 0.963, -0.154
-0.244, 1.06, -0.169
-0.266, 1.156, -0.184
-0.288, 1.252, -0.2
-0.31, 1.349, -0.215
-0.333, 1.445, -0.23
-0.355, 1.541, -0.246
-0.377, 1.638, -0.261
0.082, -0.055, -0.016
0.163, -0.111, -0.033
0.244, -0.167, -0.049
0.326, -0.223, -0.066
0.407, -0.279, -0.083
0.488, -0.334, -0.099
0.57, -0.39, -0.116
0.651, -0.446, -0.132
0.732, -0.502, -0.149
0.813, -0.558, -0.166
0.895, -0.613, -0.182
0.976, -0.669, -0.199
1.057, -0.725, -0.215
1.139, -0.781, -0.232
1.22, -0.837, -0.249
1.301, -0.892, -0.265
1.383, -0.948, -0.282
-0.097, -0.013, -0.017
-0.194, -0.027, -0.035
-0.292, -0.041, -0.053
-0.389, -0.054, -0.071
-0.487, -0.068, -0.089
-0.584, -0.082, -0.107
-0.681, -0.095, -0.125
-0.779, -0.109, -0.143
-0.876, -0.123, -0.161
-0.974, -0.137, -0.179
-1.071, -0.15, -0.196
-1.168, -0.164, -0.214
-1.266, -0.178, -0.232
-1.363, -0.191, -0.25
-1.46, -0.205, -0.268
-1.558, -0.219, -0.286
-1.655, -0.232, -0.304
0.063, 0.076, -0.019
0.125, 0.152, -0.038
0.188, 0.228, -0.057
0.25, 0.304, -0.076
0.313, 0.379, -0.095
0.376, 0.455, -0.114
0.438, 0.531, -0.133
0.5, 0.607, -0.152
0.563, 0.683, -0.171
0.625, 0.758, -0.191
0.688, 0.834, -0.21
0.751, 0.91, -0.229
0.813, 0.986, -0.248
0.876, 1.062, -0.267
0.938, 1.137, -0.286
1.0, 1.213, -0.305
1.063, 1.289, -0.324
0.006, -0.097, -0.02
0.011, -0.195, -0.04
0.016, -0.293, -0.06
0.021, -0.39, -0.081
0.026, -0.488, -0.101
0.032, -0.586, -0.121
0.037, -0.683, -0.142
0.042, -0.781, -0.162
0.047, -0.879, -0.182
0.052, -0.977, -0.203
0.058, -1.074, -0.223
0.063, -1.172, -0.243
0.068, -1.27, -0.263
0.073, -1.367, -0.284
0.078, -1.465, -0.304
0.084, -1.563, -0.324
0.089, -1.66, -0.345
-0.069, 0.069, -0.021
-0.139, 0.137, -0.043
-0.208, 0.206, -0.064
-0.278, 0.274, -0.086
-0.348, 0.343, -0.108
-0.417, 0.412, -0.129
-0.487, 0.48, -0.151
-0.556, 0.548, -0.172
-0.626, 0.617, -0.194
-0.696, 0.685, -0.216
-0.765, 0.754, -0.237
-0.835, 0.823, -0.259
-0.904, 0.891, -0.28
-0.974, 0.96, -0.302
-1.044, 1.028, -0.324
-1.113, 1.096, -0.345
-1.183, 1.165, -0.367
0.098, -0.003, -0.022
0.195, -0.006, -0.045
0.292, -0.01, -0.068
0.39, -0.013, -0.091
0.487, -0.017, -0.114
0.584, -0.02, -0.136
0.682, -0.023, -0.159
0.779, -0.027, -0.182
0.876, -0.03, -0.205
0.973, -0.034, -0.228
1.071, -0.037, -0.25
1.168, -0.04, -0.273
1.265, -0.044, -0.296
1.363, -0.047, -0.319
1.46, -0.051, -0.342
1.557, -0.054, -0.364
1.655, -0.057, -0.387
-0.073, -0.062, -0.024
-0.147, -0.125, -0.048
-0.221, -0.188, -0.072
-0.295, -0.251, -0.096
-0.369, -0.314, -0.12
-0.442, -0.377, -0.144
-0.516, -0.44, -0.168
-0.59, -0.503, -0.192
-0.664, -0.566, -0.216
-0.738, -0.629, -0.24
-0.811, -0.691, -0.264
-0.885, -0.754, -0.288
-0.959, -0.817, -0.312
-1.033, -0.88, -0.336
-1.107, -0.943, -0.36
-1.18, -1.006, -0.384
-1.254, -1.069, -0.408
0.012, 0.097, -0.025
0.024, 0.193, -0.05
0.036, 0.289, -0.075
0.048, 0.385, -0.101
0.06, 0.481, -0.126
0.072, 0.577, -0.151
0.084, 0.673, -0.177
0.096, 0.769, -0.202
0.108, 0.865, -0.227
0.119, 0.961, -0.253
0.131, 1.058, -0.278
0.143, 1.154, -0.303
0.155, 1.25, -0.328
0.167, 1.346, -0.354
0.179, 1.442, -0.379
0.191, 1.538, -0.404
0.203, 1.634, -0.43
0.057, -0.078, -0.026
0.113, -0.157, -0.053
0.169, -0.235, -0.079
0.225, -0.314, -0.106
0.28, -0.392, -0.132
0.337, -0.471, -0.159
0.393, -0.549, -0.185
0.449, -0.628, -0.212
0.505, -0.706, -0.238
0.56, -0.785, -0.265
0.617, -0.863, -0.291
0.673, -0.942, -0.318
0.729, -1.02, -0.344
0.785, -1.099, -0.371
0.841, -1.177, -0.397
0.897, -1.256, -0.424
0.953, -1.334, -0.45
-0.093, 0.021, -0.027
-0.187, 0.041, -0.055
-0.281, 0.061, -0.083
-0.375, 0.081, -0.11
-0.469, 0.101, -0.138
-0.563, 0.121, -0.166
-0.657, 0.141, -0.193
-0.751, 0.161, -0.221
-0.845, 0.181, -0.249
-0.939, 0.201, -0.277
-1.032, 0.222, -0.304
-1.126, 0.242, -0.332
-1.22, 0.262, -0.36
-1.314, 0.282, -0.387
-1.408, 0.302, -0.415
-1.502, 0.322, -0.443
-1.596, 0.342, -0.47
0.083, 0.049, -0.028
0.166, 0.097, -0.057
0.248, 0.146, -0.087
0.331, 0.194, -0.115
0.413, 0.243, -0.145
0.496, 0.292, -0.174
0.579, 0.34, -0.203
0.661, 0.388, -0.231
0.744, 0.437, -0.261
0.826, 0.485, -0.29
0.909, 0.534, -0.319
0.992, 0.583, -0.348
1.074, 0.631, -0.377
1.157, 0.679, -0.406
1.239, 0.728, -0.434
1.322, 0.776, -0.463
1.405, 0.825, -0.493
-0.027, -0.091, -0.03
-0.055, -0.182, -0.06
-0.083, -0.273, -0.09
-0.111, -0.364, -0.12
-0.139, -0.455, -0.151
-0.167, -0.546, -0.181
-0.195, -0.637, -0.211
-0.223, -0.728, -0.241
-0.251, -0.819, -0.271
-0.279, -0.911, -0.302
-0.306, -1.002, -0.332
-0.334, -1.093, -0.362
-0.362, -1.184, -0.392
-0.39, -1.275, -0.422
-0.418, -1.366, -0.452
-0.446, -1.457, -0.483
-0.474, -1.548, -0.513
-0.04, 0.086, -0.031
-0.081, 0.172, -0.062
-0.122, 0.258, -0.094
-0.162, 0.344, -0.125
-0.203, 0.429, -0.157
-0.244, 0.515, -0.188
-0.284, 0.601, -0.219
-0.325, 0.687, -0.251
-0.366, 0.773, -0.282
-0.407, 0.858, -0.314
-0.447, 0.944, -0.345
-0.488, 1.03, -0.376
-0.529, 1.116, -0.408
-0.569, 1.202, -0.439
-0.61, 1.287, -0.471
-0.651, 1.373, -0.502
-0.691, 1.459, -0.533
0.088, -0.035, -0.032
0.176, -0.071, -0.065
0.263, -0.106, -0.098
0.351, -0.142, -0.13
0.438, -0.177, -0.163
0.526, -0.213, -0.196
0.614, -0.248, -0.228
0.701, -0.284, -0.261
0.789, -0.319, -0.294
0.876, -0.355, -0.327
0.964, -0.39, -0.359
1.052, -0.426, -0.392
1.139, -0.461, -0.425
1.227, -0.497, -0.457
1.314, -0.532, -0.49
1.402, -0.568, -0.523
1.49, -0.603, -0.555
-0.088, -0.032, -0.033
-0.176, -0.065, -0.067
-0.264, -0.098, -0.101
-0.352, -0.13, -0.135
-0.44, -0.163, -0.169
-0.528, -0.196, -0.203
-0.616, -0.228, -0.237
-0.704, -0.261, -0.271
-0.792, -0.294, -0.305
-0.881, -0.327, -0.339
-0.969, -0.359, -0.372
-1.057, -0.392, -0.406
-1.145, -0.425, -0.44
-1.233, -0.457, -0.474
-1.321, -0.49, -0.508
-1.409, -0.523, -0.542
-1.497, -0.555, -0.576
0.043, 0.084, -0.035
0.086, 0.167, -0.07
0.129, 0.251, -0.105
0.171, 0.334, -0.14
0.214, 0.417, -0.175
0.257, 0.501, -0.21
0.299, 0.584, -0.245
0.342, 0.668, -0.28
0.385, 0.751, -0.315
0.427, 0.834, -0.351
0.47, 0.918, -0.386
0.513, 1.001, -0.421
0.556, 1.085, -0.456
0.598, 1.168, -0.491
0.641, 1.251, -0.526
0.684, 1.335, -0.561
0.726, 1.418, -0.596
0.025, -0.089, -0.036
0.05, -0.179, -0.072
0.075, -0.269, -0.109
0.1, -0.358, -0.145
0.124, -0.448, -0.182
0.149, -0.538, -0.218
0.174, -0.627, -0.254
0.199, -0.717, -0.291
0.224, -0.807, -0.327
0.248, -0.897, -0.364
0.273, -0.986, -0.4
0.298, -1.076, -0.436
0.323, -1.166, -0.473
0.348, -1.255, -0.509
0.372, -1.345, -0.546
0.397, -1.435, -0.582
0.422, -1.524, -0.618
-0.078, 0.05, -0.037
-0.156, 0.099, -0.075
-0.235, 0.148, -0.112
-0.313, 0.198, -0.15
-0.392, 0.247, -0.188
-0.47, 0.296, -0.225
-0.548, 0.346, -0.263
-0.627, 0.395, -0.3
-0.705, 0.444, -0.338
-0.784, 0.493, -0.376
-0.862, 0.543, -0.413
-0.94, 0.592, -0.451
-1.019, 0.641, -0.488
-1.097, 0.691, -0.526
-1.176, 0.74, -0.564
-1.254, 0.789, -0.601
-1.332, 0.839, -0.639
0.091, 0.017, -0.038
0.182, 0.034, -0.077
0.273, 0.05, -0.116
0.363, 0.067, -0.155
0.454, 0.083, -0.194
0.545, 0.1, -0.232
0.635, 0.117, -0.271
0.726, 0.133, -0.31
0.817, 0.15, -0.349
0.907, 0.166, -0.388
0.998, 0.183, -0.426
1.089, 0.2, -0.465
1.18, 0.216, -0.504
1.27, 0.233, -0.543
1.361, 0.249, -0.582
1.452, 0.266, -0.62
1.542, 0.283, -0.659
-0.055, -0.073, -0.04
-0.11, -0.146, -0.08
-0.165, -0.219, -0.12
-0.22, -0.292, -0.16
-0.276, -0.365, -0.2
-0.331, -0.438, -0.24
-0.386, -0.511, -0.28
-0.441, -0.584, -0.32
-0.496, -0.657, -0.36
-0.552, -0.73, -0.401
-0.607, -0.803, -0.441
-0.662, -0.876, -0.481
-0.717, -0.949, -0.521
-0.772, -1.022, -0.561
-0.828, -1.095, -0.601
-0.883, -1.168, -0.641
-0.938, -1.241, -0.681
-0.008, 0.091, -0.041
-0.017, 0.182, -0.082
-0.025, 0.273, -0.123
-0.034, 0.363, -0.165
-0.042, 0.454, -0.206
-0.051, 0.545, -0.247
-0.059, 0.635, -0.289
-0.068, 0.726, -0.33
-0.076, 0.817, -0.371
-0.085, 0.907, -0.413
-0.093, 0.998, -0.454
-0.102, 1.089, -0.495
-0.11, 1.18, -0.536
-0.119, 1.27, -0.578
-0.127, 1.361, -0.619
-0.136, 1.452, -0.66
-0.144, 1.542, -0.702
0.068, -0.06, -0.042
0.135, -0.121, -0.085
0.202, -0.182, -0.127
0.269, -0.242, -0.17
0.336, -0.303, -0.212
0.403, -0.364, -0.255
0.47, -0.424, -0.297
0.537, -0.485, -0.34
0.604, -0.546, -0.382
0.671, -0.607, -0.425
0.739, -0.667, -0.467
0.806, -0.728, -0.51
0.873, -0.789, -0.552
0.94, -0.849, -0.595
1.007, -0.91, -0.637
1.074, -0.971, -0.68
1.141, -1.031, -0.722
-0.089, 0.0, -0.043
-0.179, -0.001, -0.087
-0.269, -0.001, -0.131
-0.359, -0.002, -0.175
-0.449, -0.002, -0.219
-0.538, -0.003, -0.262
-0.628, -0.003, -0.306
-0.718, -0.004, -0.35
-0.808, -0.004, -0.394
-0.898, -0.005, -0.438
-0.987, -0.005, -0.481
-1.077, -0.006, -0.525
-1.167, -0.006, -0.569
-1.257, -0.007, -0.613
-1.347, -0.007, -0.657
-1.436, -0.008, -0.7
-1.526, -0.008, -0.744
0.066, 0.061, -0.045
0.131, 0.122, -0.09
0.197, 0.183, -0.135
0.262, 0.243, -0.18
0.328, 0.304, -0.225
0.394, 0.365, -0.27
0.459, 0.425, -0.315
0.524, 0.486, -0.36
0.59, 0.547, -0.405
0.655, 0.607, -0.45
0.721, 0.668, -0.495
0.787, 0.729, -0.54
0.852, 0.79, -0.585
0.918, 0.85, -0.63
0.983, 0.911, -0.675
1.048, 0.972, -0.72
1.114, 1.032, -0.765
-0.007, -0.088, -0.046
-0.014, -0.176, -0.092
-0.021, -0.264, -0.138
-0.028, -0.353, -0.184
-0.036, -0.441, -0.231
-0.043, -0.529, -0.277
-0.05, -0.618, -0.323
-0.057, -0.706, -0.369
-0.064, -0.794, -0.415
-0.072, -0.883, -0.462
-0.079, -0.971, -0.508
-0.086, -1.059, -0.554
-0.093, -1.147, -0.6
-0.1, -1.236, -0.646
-0.107, -1.324, -0.693
-0.115, -1.412, -0.739
-0.122, -1.501, -0.785
-0.053, 0.07, -0.047
-0.107, 0.139, -0.095
-0.161, 0.209, -0.142
-0.215, 0.278, -0.19
-0.269, 0.348, -0.237
-0.323, 0.418, -0.285
-0.377, 0.487, -0.332
-0.431, 0.556, -0.38
-0.485, 0.626, -0.427
-0.539, 0.695, -0.475
-0.592, 0.765, -0.522
-0.646, 0.835, -0.57
-0.7, 0.904, -0.617
-0.754, 0.973, -0.665
-0.808, 1.043, -0.712
-0.862, 1.112, -0.76
-0.916, 1.182, -0.807
0.087, -0.014, -0.048
0.173, -0.029, -0.097
0.259, -0.043, -0.146
0.345, -0.058, -0.194
0.431, -0.073, -0.243
0.517, -0.087, -0.292
0.603, -0.102, -0.34
0.689, -0.116, -0.389
0.775, -0.131, -0.438
0.861, -0.146, -0.487
0.948, -0.16, -0.535
1.034, -0.175, -0.584
1.12, -0.189, -0.633
1.206, -0.204, -0.681
1.292, -0.218, -0.73
1.378, -0.233, -0.779
1.464, -0.248, -0.827
-0.072, -0.046, -0.05
-0.145, -0.093, -0.1
-0.218, -0.14, -0.15
-0.29, -0.187, -0.2
-0.363, -0.234, -0.25
-0.436, -0.281, -0.3
-0.508, -0.328, -0.35
-0.581, -0.375, -0.4
-0.654, -0.422, -0.45
-0.727, -0.469, -0.5
-0.799, -0.515, -0.55
-0.872, -0.562, -0.6
-0.945, -0.609, -0.65
-1.017, -0.656, -0.7
-1.09, -0.703, -0.75
-1.163, -0.75, -0.8
-1.235, -0.797, -0.85
0.022, 0.084, -0.051
0.044, 0.167, -0.102
0.066, 0.25, -0.153
0.088, 0.333, -0.204
0.109, 0.416, -0.256
0.131, 0.499, -0.307
0.153, 0.582, -0.358
0.175, 0.665, -0.409
0.197, 0.748, -0.46
0.218, 0.831, -0.512
0.24, 0.915, -0.563
0.262, 0.998, -0.614
0.284, 1.081, -0.665
0.306, 1.164, -0.716
0.327, 1.247, -0.768
0.349, 1.33, -0.819
0.371, 1.413, -0.87
0.04, -0.075, -0.052
0.08, -0.15, -0.104
0.12, -0.225, -0.157
0.159, -0.301, -0.209
0.199, -0.376, -0.262
0.239, -0.451, -0.314
0.278, -0.527, -0.366
0.318, -0.602, -0.419
0.358, -0.677, -0.471
0.397, -0.753, -0.524
0.437, -0.828, -0.576
0.477, -0.903, -0.628
0.517, -0.978, -0.681
0.556, -1.054, -0.733
0.596, -1.129, -0.786
0.636, -1.204, -0.838
0.675, -1.28, -0.89
-0.079, 0.029, -0.053
-0.158, 0.057, -0.107
-0.238, 0.086, -0.161
-0.317, 0.114, -0.214
-0.397, 0.143, -0.268
-0.476, 0.171, -0.322
-0.555, 0.2, -0.375
-0.635, 0.228, -0.429
-0.714, 0.257, -0.483
-0.794, 0.285, -0.537
-0.873, 0.314, -0.59
-0.952, 0.342, -0.644
-1.032, 0.371, -0.698
-1.111, 0.399, -0.751
-1.191, 0.428, -0.805
-1.27, 0.456, -0.859
-1.349, 0.485, -0.912
0.078, 0.033, -0.054
0.155, 0.065, -0.109
0.232, 0.098, -0.164
0.309, 0.13, -0.219
0.386, 0.162, -0.274
0.463, 0.195, -0.329
0.54, 0.227, -0.384
0.617, 0.26, -0.439
0.694, 0.292, -0.494
0.771, 0.324, -0.549
0.849, 0.357, -0.603
0.926, 0.389, -0.658
1.003, 0.422, -0.713
1.08, 0.454, -0.768
1.157, 0.486, -0.823
1.234, 0.519, -0.878
1.311, 0.551, -0.933
-0.034, -0.075, -0.056
-0.069, -0.15, -0.112
-0.103, -0.225, -0.168
-0.138, -0.3, -0.224
-0.173, -0.375, -0.28
-0.207, -0.45, -0.336
-0.242, -0.525, -0.392
-0.276, -0.6, -0.448
-0.311, -0.675, -0.504
-0.346, -0.751, -0.561
-0.38, -0.826, -0.617
-0.415, -0.901, -0.673
-0.449, -0.976, -0.729
-0.484, -1.051, -0.785
-0.518, -1.126, -0.841
-0.553, -1.201, -0.897
-0.588, -1.276, -0.953
-0.024, 0.079, -0.057
-0.049, 0.157, -0.114
-0.074, 0.235, -0.172
-0.099, 0.313, -0.229
-0.124, 0.39, -0.287
-0.149, 0.469, -0.344
-0.174, 0.546, -0.401
-0.199, 0.625, -0.459
-0.224, 0.703, -0.516
-0.249, 0.78, -0.574
-0.273, 0.859, -0.631
-0.298, 0.937, -0.688
-0.323, 1.014, -0.746
-0.348, 1.092, -0.803
-0.373, 1.17, -0.861
-0.398, 1.249, -0.918
-0.423, 1.327, -0.975
0.071, -0.04, -0.058
0.141, -0.08, -0.117
0.212, -0.12, -0.175
0.282, -0.16, -0.234
0.352, -0.2, -0.293
0.423, -0.24, -0.351
0.493, -0.28, -0.41
0.564, -0.32, -0.468
0.634, -0.36, -0.527
0.704, -0.401, -0.586
0.775, -0.441, -0.644
0.845, -0.481, -0.703
0.916, -0.521, -0.761
0.986, -0.561, -0.82
1.056, -0.601, -0.879
1.127, -0.641, -0.937
1.197, -0.681, -0.996
-0.078, -0.017, -0.059
-0.156, -0.035, -0.119
-0.234, -0.052, -0.179
-0.312, -0.07, -0.239
-0.39, -0.088, -0.299
-0.468, -0.105, -0.358
-0.546, -0.123, -0.418
-0.624, -0.14, -0.478
-0.702, -0.158, -0.538
-0.781, -0.176, -0.598
-0.859, -0.193, -0.657
-0.937, -0.211, -0.717
-1.015, -0.228, -0.777
-1.093, -0.246, -0.837
-1.171, -0.264, -0.897
-1.249, -0.281, -0.956
-1.327, -0.299, -1.016
0.046, 0.066, -0.061
0.091, 0.131, -0.122
0.136, 0.196, -0.183
0.181, 0.261, -0.244
0.226, 0.326, -0.305
0.272, 0.391, -0.366
0.317, 0.456, -0.427
0.362, 0.521, -0.488
0.407, 0.586, -0.549
0.452, 0.651, -0.611
0.498, 0.717, -0.672
0.543, 0.782, -0.733
0.588, 0.847, -0.794
0.633, 0.912, -0.855
0.678, 0.977, -0.916
0.724, 1.042, -0.977
0.769, 1.107, -1.038
0.011, -0.077, -0.062
0.022, -0.154, -0.124
0.032, -0.232, -0.186
0.043, -0.309, -0.249
0.053, -0.387, -0.311
0.064, -0.464, -0.373
0.075, -0.541, -0.436
0.085, -0.619, -0.498
0.096, -0.696, -0.56
0.106, -0.774, -0.623
0.117, -0.851, -0.685
0.128, -0.928, -0.747
0.138, -1.006, -0.809
0.149, -1.083, -0.872
0.159, -1.161, -0.934
0.17, -1.238, -0.996
0.181, -1.315, -1.059
-0.059, 0.05, -0.063
-0.118, 0.099, -0.127
-0.177, 0.149, -0.19
-0.237, 0.198, -0.254
-0.296, 0.247, -0.317
-0.355, 0.297, -0.381
-0.415, 0.346, -0.444
-0.474, 0.396, -0.508
-0.533, 0.445, -0.571
-0.593, 0.494, -0.635
-0.652, 0.544, -0.698
-0.711, 0.593, -0.762
-0.77, 0.643, -0.825
-0.83, 0.692, -0.889
-0.889, 0.741, -0.952
-0.948, 0.791, -1.016
-1.008, 0.84, -1.079
0.077, 0.004, -0.064
0.153, 0.008, -0.129
0.229, 0.012, -0.194
0.305, 0.015, -0.259
0.381, 0.019, -0.324
0.457, 0.023, -0.388
0.533, 0.026, -0.453
0.609, 0.03, -0.518
0.685, 0.034, -0.583
0.761, 0.037, -0.648
0.838, 0.041, -0.712
0.914, 0.045, -0.777
0.99, 0.049, -0.842
1.066, 0.052, -0.907
1.142, 0.056, -0.972
1.218, 0.06, -1.036
1.294, 0.063, -1.101
-0.052, -0.053, -0.066
-0.105, -0.106, -0.132
-0.158, -0.159, -0.198
-0.211, -0.212, -0.264
-0.264, -0.266, -0.33
-0.317, -0.319, -0.396
-0.37, -0.372, -0.462
-0.423, -0.425, -0.528
-0.476, -0.478, -0.594
-0.529, -0.532, -0.66
-0.581, -0.585, -0.726
-0.634, -0.638, -0.792
-0.687, -0.691, -0.858
-0.74, -0.744, -0.924
-0.793, -0.798, -0.99
-0.846, -0.851, -1.056
-0.899, -0.904, -1.122
0.003, 0.074, -0.067
0.006, 0.148, -0.134
0.01, 0.223, -0.201
0.012, 0.296, -0.268
0.015, 0.37, -0.336
0.019, 0.445, -0.403
0.021, 0.518, -0.47
0.024, 0.592, -0.537
0.027, 0.666, -0.604
0.03, 0.74, -0.672
0.033, 0.814, -0.739
0.037, 0.889, -0.806
0.039, 0.962, -0.873
0.042, 1.036, -0.94
0.045, 1.11, -1.008
0.048, 1.184, -1.075
0.052, 1.258, -1.142
0.048, -0.055, -0.068
0.095, -0.111, -0.137
0.142, -0.166, -0.205
0.189, -0.222, -0.274
0.236, -0.278, -0.342
0.283, -0.333, -0.411
0.33, -0.389, -0.479
0.377, -0.444, -0.548
0.424, -0.5, -0.616
0.471, -0.556, -0.685
0.519, -0.611, -0.753
0.566, -0.667, -0.822
0.613, -0.722, -0.89
0.66, -0.778, -0.959
0.707, -0.834, -1.027
0.754, -0.889, -1.096
0.801, -0.945, -1.164
-0.071, 0.01, -0.069
-0.142, 0.019, -0.139
-0.213, 0.028, -0.209
-0.284, 0.037, -0.278
-0.355, 0.046, -0.348
-0.426, 0.056, -0.418
-0.497, 0.065, -0.487
-0.568, 0.074, -0.557
-0.639, 0.083, -0.627
-0.71, 0.092, -0.697
-0.781, 0.102, -0.766
-0.852, 0.111, -0.836
-0.922, 0.12, -0.906
-0.994, 0.129, -0.975
-1.065, 0.138, -1.045
-1.136, 0.148, -1.115
-1.207, 0.157, -1.184
0.058, 0.041, -0.07
0.116, 0.082, -0.141
0.173, 0.122, -0.212
0.231, 0.163, -0.283
0.288, 0.203, -0.354
0.346, 0.244, -0.425
0.404, 0.285, -0.496
0.461, 0.325, -0.567
0.519, 0.366, -0.638
0.576, 0.406, -0.709
0.634, 0.447, -0.779
0.692, 0.488, -0.85
0.749, 0.528, -0.921
0.807, 0.569, -0.992
0.864, 0.609, -1.063
0.922, 0.65, -1.134
0.98, 0.691, -1.205
-0.014, -0.067, -0.072
-0.029, -0.135, -0.144
-0.044, -0.202, -0.216
-0.058, -0.27, -0.288
-0.073, -0.337, -0.361
-0.088, -0.405, -0.433
-0.102, -0.472, -0.505
-0.117, -0.54, -0.577
-0.132, -0.607, -0.649
-0.147, -0.675, -0.722
-0.161, -0.742, -0.794
-0.176, -0.81, -0.866
-0.191, -0.877, -0.938
-0.205, -0.945, -1.01
-0.22, -1.012, -1.083
-0.235, -1.08, -1.155
-0.249, -1.147, -1.227
-0.034, 0.059, -0.073
-0.068, 0.118, -0.146
-0.102, 0.177, -0.22
-0.136, 0.235, -0.293
-0.17, 0.294, -0.367
-0.204, 0.353, -0.44
-0.238, 0.411, -0.513
-0.272, 0.47, -0.587
-0.306, 0.529, -0.66
-0.34, 0.587, -0.734
-0.374, 0.646, -0.807
-0.408, 0.705, -0.88
-0.442, 0.764, -0.954
-0.476, 0.822, -1.027
-0.51, 0.881, -1.101
-0.544, 0.94, -1.174
-0.578, 0.998, -1.247
0.064, -0.019, -0.074
0.127, -0.039, -0.149
0.191, -0.059, -0.223
0.254, -0.079, -0.298
0.318, -0.099, -0.373
0.382, -0.118, -0.447
0.445, -0.138, -0.522
0.508, -0.158, -0.596
0.572, -0.178, -0.671
0.635, -0.198, -0.746
0.699, -0.217, -0.82
0.763, -0.237, -0.895
0.826, -0.257, -0.969
0.89, -0.277, -1.044
0.953, -0.297, -1.119
1.016, -0.316, -1.193
1.08, -0.336, -1.268
-0.058, -0.027, -0.075
-0.117, -0.055, -0.151
-0.176, -0.082, -0.227
-0.235, -0.11, -0.303
-0.294, -0.138, -0.379
-0.353, -0.165, -0.455
-0.412, -0.193, -0.531
-0.471, -0.22, -0.607
-0.53, -0.248, -0.683
-0.589, -0.276, -0.759
-0.647, -0.303, -0.834
-0.706, -0.331, -0.91
-0.765, -0.358, -0.986
-0.824, -0.386, -1.062
-0.883, -0.414, -1.138
-0.942, -0.441, -1.214
-1.001, -0.469, -1.29
0.025, 0.059, -0.077
0.049, 0.118, -0.154
0.073, 0.177, -0.231
0.098, 0.236, -0.308
0.122, 0.295, -0.385
0.146, 0.354, -0.462
0.171, 0.413, -0.539
0.195, 0.472, -0.616
0.219, 0.531, -0.693
0.243, 0.589, -0.771
0.268, 0.648, -0.848
0.292, 0.707, -0.925
0.316, 0.766, -1.002
0.341, 0.825, -1.079
0.365, 0.884, -1.156
0.389, 0.943, -1.233
0.414, 1.002, -1.31
0.022, -0.058, -0.078
0.043, -0.116, -0.156
0.065, -0.174, -0.234
0.086, -0.232, -0.313
0.107, -0.291, -0.391
0.129, -0.349, -0.469
0.15, -0.407, -0.548
0.172, -0.465, -0.626
0.193, -0.523, -0.704
0.214, -0.582, -0.783
0.236, -0.64, -0.861
0.257, -0.698, -0.939
0.279, -0.756, -1.017
0.3, -0.814, -1.096
0.321, -0.873, -1.174
0.343, -0.931, -1.252
0.364, -0.989, -1.331
-0.053, 0.028, -0.079
-0.107, 0.056, -0.159
-0.161, 0.084, -0.238
-0.214, 0.112, -0.318
-0.268, 0.14, -0.398
-0.322, 0.168, -0.477
-0.375, 0.196, -0.557
-0.429, 0.224, -0.636
-0.483, 0.252, -0.716
-0.537, 0.279, -0.796
-0.59, 0.307, -0.875
-0.644, 0.335, -0.955
-0.698, 0.363, -1.034
-0.751, 0.391, -1.114
-0.805, 0.419, -1.194
-0.859, 0.447, -1.273
-0.912, 0.475, -1.353
0.057, 0.016, -0.08
0.114, 0.031, -0.161
0.171, 0.047, -0.242
0.228, 0.062, -0.323
0.284, 0.077, -0.404
0.341, 0.093, -0.484
0.398, 0.108, -0.565
0.455, 0.124, -0.646
0.512, 0.139, -0.727
0.568, 0.154, -0.808
0.625, 0.17, -0.888
0.682, 0.185, -0.969
0.739, 0.201, -1.05
0.796, 0.216, -1.131
0.852, 0.231, -1.212
0.909, 0.247, -1.292
0.966, 0.262, -1.373
-0.03, -0.048, -0.082
-0.061, -0.096, -0.164
-0.091, -0.144, -0.246
-0.122, -0.192, -0.328
-0.152, -0.241, -0.41
-0.183, -0.289, -0.492
-0.213, -0.337, -0.574
-0.244, -0.385, -0.656
-0.274, -0.433, -0.738
-0.305, -0.482, -0.82
-0.335, -0.53, -0.902
-0.366, -0.578, -0.984
-0.396, -0.626, -1.066
-0.427, -0.674, -1.148
-0.457, -0.723, -1.23
-0.488, -0.771, -1.312
-0.518, -0.819, -1.394
-0.009, 0.055, -0.083
-0.019, 0.11, -0.166
-0.028, 0.164, -0.249
-0.038, 0.219, -0.333
-0.048, 0.273, -0.416
-0.057, 0.328, -0.499
-0.067, 0.382, -0.583
-0.076, 0.437, -0.666
-0.086, 0.491, -0.749
-0.096, 0.545, -0.833
-0.105, 0.6, -0.916
-0.115, 0.655, -0.999
-0.124, 0.709, -1.082
-0.134, 0.764, -1.166
-0.144, 0.818, -1.249
-0.153, 0.873, -1.332
-0.163, 0.927, -1.416
0.043, -0.032, -0.084
0.085, -0.064, -0.169
0.128, -0.097, -0.253
0.17, -0.129, -0.338
0.212, -0.162, -0.422
0.255, -0.194, -0.507
0.297, -0.226, -0.591
0.34, -0.259, -0.676
0.382, -0.291, -0.76
0.424, -0.324, -0.845
0.467, -0.356, -0.929
0.509, -0.388, -1.014
0.552, -0.421, -1.098
0.594, -0.453, -1.183
0.636, -0.486, -1.267
0.679, -0.518, -1.352
0.721, -0.55, -1.436
-0.051, -0.004, -0.085
-0.102, -0.009, -0.171
-0.153, -0.013, -0.257
-0.204, -0.018, -0.343
-0.255, -0.022, -0.429
-0.306, -0.027, -0.514
-0.357, -0.031, -0.6
-0.408, -0.036, -0.686
-0.459, -0.04, -0.772
-0.511, -0.045, -0.858
-0.562, -0.049, -0.943
-0.613, -0.054, -1.029
-0.664, -0.058, -1.115
-0.715, -0.063, -1.201
-0.766, -0.067, -1.287
-0.817, -0.072, -1.372
-0.868, -0.076, -1.458
0.034, 0.037, -0.087
0.067, 0.073, -0.174
0.1, 0.11, -0.261
0.134, 0.146, -0.348
0.167, 0.182, -0.435
0.2, 0.219, -0.522
0.234, 0.255, -0.609
0.267, 0.292, -0.696
0.3, 0.328, -0.783
0.333, 0.364, -0.87
0.367, 0.401, -0.957
0.4, 0.437, -1.044
0.433, 0.474, -1.131
0.467, 0.51, -1.218
0.5, 0.546, -1.305
0.533, 0.583, -1.392
0.567, 0.619, -1.479
0.001, -0.046, -0.088
0.001, -0.093, -0.176
0.001, -0.14, -0.264
0.001, -0.187, -0.352
0.001, -0.234, -0.441
0.001, -0.281, -0.529
0.001, -0.328, -0.617
0.001, -0.375, -0.705
0.001, -0.422, -0.793
0.001, -0.469, -0.882
0.002, -0.515, -0.97
0.002, -0.562, -1.058
0.002, -0.609, -1.146
0.002, -0.656, -1.234
0.002, -0.703, -1.323
0.002, -0.75, -1.411
0.002, -0.797, -1.499
-0.03, 0.033, -0.089
-0.06, 0.066, -0.179
-0.09, 0.099, -0.268
-0.12, 0.132, -0.358
-0.15, 0.165, -0.447
-0.18, 0.198, -0.537
-0.21, 0.231, -0.626
-0.24, 0.264, -0.716
-0.27, 0.297, -0.805
-0.301, 0.329, -0.895
-0.331, 0.362, -0.984
-0.361, 0.395, -1.074
-0.391, 0.428, -1.163
-0.421, 0.461, -1.253
-0.451, 0.494, -1.342
-0.481, 0.527, -1.432
-0.511, 0.56, -1.521
0.042, -0.003, -0.09
0.084, -0.007, -0.181
0.126, -0.01, -0.272
0.168, -0.014, -0.362
0.21, -0.018, -0.453
0.252, -0.021, -0.544
0.294, -0.025, -0.634
0.336, -0.028, -0.725
0.378, -0.032, -0.816
0.419, -0.036, -0.907
0.461, -0.039, -0.997
0.503, -0.043, -1.088
0.545, -0.046, -1.179
0.587, -0.05, -1.269
0.629, -0.053, -1.36
0.671, -0.057, -1.451
0.713, -0.061, -1.541
-0.031, -0.023, -0.091
-0.062, -0.047, -0.183
-0.093, -0.071, -0.275
-0.124, -0.095, -0.367
-0.155, -0.119, -0.459
-0.186, -0.143, -0.551
-0.217, -0.167, -0.643
-0.248, -0.191, -0.735
-0.279, -0.215, -0.827
-0.311, -0.239, -0.919
-0.342, -0.262, -1.01
-0.373, -0.286, -1.102
-0.404, -0.31, -1.194
-0.435, -0.334, -1.286
-0.466, -0.358, -1.378
-0.497, -0.382, -1.47
-0.528, -0.406, -1.562
0.007, 0.036, -0.093
0.013, 0.072, -0.186
0.019, 0.108, -0.279
0.026, 0.143, -0.372
0.032, 0.179, -0.466
0.038, 0.215, -0.559
0.045, 0.25, -0.652
0.051, 0.286, -0.745
0.057, 0.322, -0.838
0.063, 0.357, -0.932
0.07, 0.393, -1.025
0.076, 0.429, -1.118
0.082, 0.465, -1.211
0.089, 0.5, -1.304
0.095, 0.536, -1.398
0.101, 0.572, -1.491
0.108, 0.607, -1.584
0.018, -0.027, -0.094
0.036, -0.055, -0.188
0.054, -0.083, -0.283
0.071, -0.11, -0.377
0.089, -0.138, -0.472
0.107, -0.166, -0.566
0.124, -0.193, -0.66
0.142, -0.221, -0.755
0.16, -0.249, -0.849
0.177, -0.277, -0.944
0.195, -0.304, -1.038
0.213, -0.332, -1.132
0.231, -0.36, -1.227
0.248, -0.387, -1.321
0.266, -0.415, -1.416
0.284, -0.443, -1.51
0.301, -0.47, -1.604
-0.028, 0.008, -0.095
-0.056, 0.016, -0.191
-0.084, 0.023, -0.286
-0.112, 0.031, -0.382
-0.14, 0.038, -0.478
-0.168, 0.046, -0.573
-0.196, 0.054, -0.669
-0.224, 0.061, -0.764
-0.252, 0.069, -0.86
-0.28, 0.076, -0.956
-0.308, 0.084, -1.051
-0.336, 0.092, -1.147
-0.364, 0.099, -1.242
-0.392, 0.107, -1.338
-0.42, 0.114, -1.434
-0.448, 0.122, -1.529
-0.476, 0.13, -1.625
0.022, 0.012, -0.096
0.044, 0.023, -0.193
0.066, 0.035, -0.29
0.088, 0.046, -0.387
0.11, 0.057, -0.484
0.132, 0.069, -0.581
0.154, 0.08, -0.678
0.176, 0.092, -0.775
0.198, 0.103, -0.872
0.219, 0.114, -0.969
0.241, 0.126, -1.065
0.263, 0.137, -1.162
0.285, 0.149, -1.259
0.307, 0.16, -1.356
0.329, 0.171, -1.453
0.351, 0.183, -1.55
0.373, 0.194, -1.647
-0.006, -0.018, -0.098
-0.013, -0.036, -0.196
-0.019, -0.054, -0.294
-0.026, -0.072, -0.392
-0.032, -0.09, -0.49
-0.039, -0.108, -0.588
-0.045, -0.126, -0.686
-0.052, -0.144, -0.784
-0.058, -0.162, -0.882
-0.065, -0.18, -0.981
-0.071, -0.198, -1.079
-0.078, -0.216, -1.177
-0.084, -0.234, -1.275
-0.091, -0.252, -1.373
-0.097, -0.27, -1.471
-0.104, -0.288, -1.569
-0.11, -0.306, -1.667
-0.004, 0.011, -0.099
-0.008, 0.021, -0.198
-0.012, 0.031, -0.297
-0.016, 0.042, -0.397
-0.021, 0.052, -0.496
-0.025, 0.062, -0.595
-0.029, 0.073, -0.695
-0.033, 0.083, -0.794
-0.037, 0.093, -0.893
-0.042, 0.103, -0.993
-0.046, 0.114, -1.092
-0.05, 0.124, -1.191
-0.054, 0.134, -1.29
-0.058, 0.145, -1.39
-0.063, 0.155, -1.489
-0.067, 0.165, -1.588
-0.071, 0.176, -1.688
